1821546.7652,5950784.0272
1821546.6977,5950814.0322
1821516.6927,5950813.9647
1821516.6252,5950843.9696
1821486.6202,5950843.9021
1821486.5527,5950873.9071
1821426.5428,5950873.772
1821426.4753,5950903.7769
1821336.4605,5950903.5744
1821336.393,5950933.5793
1821276.3831,5950933.4442
1821276.3156,5950963.4491
1821156.296,5950963.179
1821156.2285,5950993.1839
1821006.2041,5950992.8463
1821006.2716,5950962.8415
1820886.2521,5950962.5714
1820886.1846,5950992.5763
1820676.1507,5950992.1037
1820676.2182,5950962.0989
1820616.2085,5950961.9639
1820616.276,5950931.9591
1820526.2616,5950931.7566
1820436.2472,5950931.5542
1820436.1797,5950961.559
1820406.1749,5950961.4915
1820316.1605,5950961.2891
1820316.2955,5950901.2795
1820286.2907,5950901.2121
1820286.3581,5950871.2073
1820226.3486,5950871.0724
1820226.416,5950841.0676
1820196.4113,5950841.0001
1820196.4787,5950810.9954
1820136.4692,5950810.8605
1820136.6041,5950750.8509
1820106.5993,5950750.7835
1820106.6667,5950720.7787
1820106.7342,5950690.774
1820076.7294,5950690.7066
1820076.7968,5950660.7018
1820016.7873,5950660.567
1820016.8547,5950630.5622
1819986.85,5950630.4948
1819986.9174,5950600.49
1819956.9126,5950600.4226
1819956.98,5950570.4179
1819926.9753,5950570.3505
1819927.0427,5950540.3457
1819897.0379,5950540.2783
1819897.1053,5950510.2736
1819867.1006,5950510.2062
1819867.1679,5950480.2014
1819837.1632,5950480.1341
1819747.149,5950479.9319
1819747.0816,5950509.9367
1819717.0769,5950509.8693
1819716.9421,5950569.8787
1819686.9374,5950569.8113
1819686.8026,5950629.8208
1819656.7979,5950629.7534
1819656.7305,5950659.7581
1819626.7258,5950659.6907
1819626.6584,5950689.6954
1819596.6537,5950689.628
1819596.5189,5950749.6374
1819566.5142,5950749.57
1819566.4468,5950779.5747
1819506.4374,5950779.4398
1819506.37,5950809.4445
1819476.3654,5950809.3771
1819476.2979,5950839.3818
1819416.2886,5950839.247
1819416.0864,5950929.261
1819386.0817,5950929.1935
1819385.8794,5951019.2075
1819355.8748,5951019.1401
1819355.7399,5951079.1494
1819325.7353,5951079.0819
1819325.6004,5951139.0912
1819295.5958,5951139.0237
1819295.4609,5951199.033
1819265.4563,5951198.9656
1819265.1864,5951318.984
1819265.0515,5951378.9933
1819235.0469,5951378.9258
1819234.9794,5951408.9304
1819204.9748,5951408.8629
1819204.9073,5951438.8675
1819174.9027,5951438.8001
1819174.7678,5951498.8092
1819054.7494,5951498.5393
1819054.6819,5951528.5439
1819024.6774,5951528.4764
1819024.6099,5951558.481
1818994.6053,5951558.4135
1818994.5378,5951588.4181
1818934.5287,5951588.2831
1818934.4612,5951618.2877
1818874.4521,5951618.1527
1818844.4476,5951618.0852
1818844.3801,5951648.0898
1818784.371,5951647.9548
1818784.3035,5951677.9593
1818694.2899,5951677.7569
1818694.2225,5951707.7614
1818604.2089,5951707.5589
1818604.1414,5951737.5634
1818544.1324,5951737.4285
1818544.065,5951767.433
1818484.056,5951767.298
1818483.9885,5951797.3025
1818423.9795,5951797.1675
1818423.9121,5951827.172
1818273.8897,5951826.8346
1818273.8223,5951856.839
1818243.8178,5951856.7715
1818123.8,5951856.5016
1818123.7326,5951886.5061
1818033.7193,5951886.3036
1818033.6518,5951916.308
1817973.643,5951916.1731
1817973.5755,5951946.1775
1817793.5491,5951945.7727
1817763.5448,5951945.7052
1817763.4098,5952005.7139
1817703.4011,5952005.579
1817703.2661,5952065.5877
1817673.2618,5952065.5203
1817673.1943,5952095.5246
1817643.1899,5952095.4571
1817643.1225,5952125.4615
1817613.1181,5952125.394
1817613.0506,5952155.3983
1817583.0463,5952155.3309
1817582.9788,5952185.3352
1817552.9745,5952185.2677
1817552.907,5952215.272
1817522.9026,5952215.2046
1817522.7001,5952305.2175
1817492.6958,5952305.15
1817492.6283,5952335.1544
1817462.624,5952335.0869
1817462.5565,5952365.0912
1817432.5522,5952365.0237
1817432.3496,5952455.0366
1817432.2821,5952485.0409
1817402.2778,5952484.9734
1817402.2103,5952514.9777
1817372.206,5952514.9101
1817372.1385,5952544.9144
1817312.1299,5952544.7794
1817312.0624,5952574.7837
1817282.0581,5952574.7161
1817281.9906,5952604.7204
1817251.9863,5952604.6529
1817251.9188,5952634.6572
1817221.9145,5952634.5896
1817221.847,5952664.5939
1817221.7794,5952694.5982
1817191.7752,5952694.5306
1816951.7412,5952693.9904
1816951.6737,5952723.9946
1816891.6653,5952723.8595
1816891.5977,5952753.8638
1816861.5935,5952753.7962
1816861.526,5952783.8004
1816801.5176,5952783.6654
1816681.5008,5952783.3953
1816681.4333,5952813.3995
1816441.3999,5952812.8593
1816441.3324,5952842.8635
1816261.3076,5952842.4584
1816261.2401,5952872.4625
1816231.236,5952872.395
1816231.1685,5952902.3991
1816171.1602,5952902.2641
1816171.0927,5952932.2682
1816141.0886,5952932.2007
1816141.0211,5952962.2048
1816111.017,5952962.1373
1816110.9495,5952992.1414
1816080.9454,5952992.0739
1816080.8779,5953022.078
1815930.8575,5953021.7404
1815900.8534,5953021.6729
1815900.7859,5953051.677
1815810.7737,5953051.4744
1815810.7062,5953081.4785
1815750.6981,5953081.3434
1815750.6306,5953111.3475
1815720.6266,5953111.28
1815720.5591,5953141.284
1815690.555,5953141.2165
1815690.4875,5953171.2205
1815660.4835,5953171.153
1815660.416,5953201.157
1815600.4079,5953201.022
1815600.3404,5953231.026
1815570.3364,5953230.9585
1815570.2689,5953260.9625
1815540.2649,5953260.895
1815540.1973,5953290.899
1815510.1933,5953290.8315
1815510.1258,5953320.8354
1815570.1338,5953320.9705
1815570.0663,5953350.9745
1815630.0743,5953351.1096
1815630.0067,5953381.1136
1815720.0188,5953381.3162
1815719.9512,5953411.3203
1815749.9553,5953411.3878
1815749.8877,5953441.3918
1815779.8917,5953441.4594
1815779.8242,5953471.4634
1815809.8282,5953471.531
1815809.7606,5953501.535
1815839.7647,5953501.6026
1815839.6971,5953531.6066
1815869.7011,5953531.6742
1815869.566,5953591.6823
1815899.57,5953591.7498
1815899.5024,5953621.7539
1815929.5064,5953621.8215
1815929.4388,5953651.8255
1815959.4429,5953651.8931
1815959.3753,5953681.8971
1815959.3077,5953711.9012
1815989.3117,5953711.9688
1815989.1089,5953801.9809
1816019.1129,5953802.0485
1816019.0453,5953832.0526
1816049.0493,5953832.1202
1816048.9817,5953862.1242
1816078.9857,5953862.1919
1816078.9181,5953892.1959
1816108.9221,5953892.2635
1816108.8545,5953922.2676
1816138.8586,5953922.3352
1816138.7909,5953952.3393
1816168.795,5953952.4069
1816168.7273,5953982.411
1816198.7314,5953982.4786
1816198.5284,5954072.4908
1816228.5324,5954072.5585
1816228.4647,5954102.5625
1816258.4688,5954102.6302
1816258.4011,5954132.6342
1816288.4052,5954132.7019
1816288.3375,5954162.706
1816318.3416,5954162.7737
1816318.2739,5954192.7777
1816378.282,5954192.9131
1816378.2143,5954222.9172
1816408.2184,5954222.9849
1816408.2861,5954192.9808
1816498.2983,5954193.1839
1816498.2306,5954223.188
1816528.2347,5954223.2557
1816528.3024,5954193.2516
1816798.3393,5954193.861
1816798.407,5954163.8569
1817038.4402,5954164.3986
1817128.4527,5954164.6018
1817128.3849,5954194.606
1817158.3891,5954194.6737
1817158.3213,5954224.6779
1817218.3297,5954224.8134
1817218.2619,5954254.8176
1817308.2745,5954255.0208
1817308.2067,5954285.025
1817368.2151,5954285.1605
1817368.1474,5954315.1647
1817428.1558,5954315.3002
1817428.088,5954345.3044
1817578.109,5954345.6433
1817668.1217,5954345.8467
1817668.1895,5954315.8425
1817848.215,5954316.2492
1817848.2828,5954286.2449
1817878.287,5954286.3127
1817878.2192,5954316.317
1817938.2278,5954316.4526
1817938.16,5954346.4568
1817998.1685,5954346.5924
1818028.1728,5954346.6602
1818028.105,5954376.6645
1818058.1093,5954376.7323
1818058.0414,5954406.7366
1818088.0457,5954406.8044
1818087.9101,5954466.813
1818117.9144,5954466.8808
1818117.7109,5954556.8937
1818147.7152,5954556.9615
1818147.5795,5954616.9701
1818147.2402,5954766.9915
1818117.2359,5954766.9236
1818116.9644,5954886.9407
1818116.7607,5954976.9534
1818146.765,5954977.0213
1818146.6971,5955007.0256
1818176.7013,5955007.0935
1818176.6334,5955037.0978
1818206.6377,5955037.1657
1818266.6462,5955037.3015
1818266.7141,5955007.2972
1818356.727,5955007.501
1818356.7949,5954977.4967
1818446.8078,5954977.7004
1818446.8757,5954947.6961
1818626.9016,5954948.1036
1818656.9059,5954948.1715
1818656.838,5954978.1758
1818716.8467,5954978.3117
1818716.7787,5955008.316
1818806.7918,5955008.5199
1818806.7238,5955038.5242
1818866.7325,5955038.6601
1818866.8005,5955008.6557
1819076.8311,5955009.1314
1819076.7631,5955039.1358
1819136.7719,5955039.2717
1819136.7039,5955069.2761
1819256.7215,5955069.548
1819256.6535,5955099.5524
1819316.6624,5955099.6883
1819346.6668,5955099.7563
1819346.5308,5955159.7651
1819376.5352,5955159.8331
1819376.4672,5955189.8375
1819406.4716,5955189.9055
1819406.2676,5955279.9188
1819436.272,5955279.9868
1819436.204,5955309.9912
1819466.2085,5955310.0592
1819466.1404,5955340.0636
1819496.1449,5955340.1317
1819496.0768,5955370.1361
1819526.0813,5955370.2041
1819526.0132,5955400.2085
1819646.0309,5955400.4807
1819645.9629,5955430.4851
1819675.9673,5955430.5532
1819675.8993,5955460.5576
1819735.9082,5955460.6937
1819735.8401,5955490.6982
1819795.849,5955490.8343
1819795.7129,5955550.8432
1819765.7085,5955550.7751
1819765.6404,5955580.7796
1819735.6359,5955580.7115
1819735.5679,5955610.7159
1819765.5723,5955610.784
1819765.5042,5955640.7884
1819795.5087,5955640.8565
1819795.28441385,5955739.675628
1819803.18233648,5955739.69375349
1819832.31472263,5955751.33905804
1819847.85643117,5955749.43343528
1819851.88072543,5955745.30597166
1821505.45655948,5955782.11052122
1821505.4278,5955794.7633
1821715.4605,5955795.2407
1821715.5287,5955765.236
1821745.5334,5955765.3042
1821745.1924,5955915.3277
1821775.1971,5955915.3959
1821775.1288,5955945.4006
1821805.1335,5955945.4688
1821805.0653,5955975.4735
1821835.07,5955975.5418
1821835.0017,5956005.5465
1821865.0064,5956005.6147
1821864.9382,5956035.6194
1821894.9429,5956035.6877
1821894.8746,5956065.6924
1821924.8793,5956065.7607
1821924.8111,5956095.7654
1822044.8299,5956096.0384
1822044.7617,5956126.0432
1822074.7664,5956126.1114
1822074.6981,5956156.1162
1822104.7028,5956156.1844
1822104.6346,5956186.1892
1822134.6393,5956186.2574
1822134.5027,5956246.2669
1822164.5074,5956246.3352
1822254.5217,5956246.5401
1822254.4533,5956276.5448
1822374.4723,5956276.8181
1822374.5407,5956246.8133
1822404.5454,5956246.8816
1822404.6137,5956216.8769
1822434.6185,5956216.9452
1822434.6868,5956186.9404
1822464.6916,5956187.0087
1822494.6964,5956187.077
1822494.628,5956217.0818
1822614.6472,5956217.3551
1822614.7155,5956187.3503
1822674.7251,5956187.4869
1822674.7934,5956157.4821
1822764.8079,5956157.6871
1822764.7395,5956187.6919
1822794.7444,5956187.7602
1822794.676,5956217.765
1822824.6808,5956217.8333
1822824.7492,5956187.8285
1822914.7637,5956188.0335
1822914.832,5956158.0287
1823034.8514,5956158.302
1823034.9197,5956128.2972
1823094.9294,5956128.4338
1823095.0661,5956068.4241
1823125.071,5956068.4924
1823125.2076,5956008.4827
1823185.2174,5956008.6193
1823185.2857,5955978.6144
1823215.2906,5955978.6828
1823215.3589,5955948.6779
1823245.3638,5955948.7462
1823245.5004,5955888.7364
1823275.5053,5955888.8047
1823275.7786,5955768.7851
1823335.7884,5955768.9217
1823335.8567,5955738.9168
1823365.8616,5955738.9851
1823365.9299,5955708.9801
1823395.9348,5955709.0484
1823455.9447,5955709.185
1823485.9496,5955709.2533
1823485.8813,5955739.2583
1823605.9011,5955739.5315
1823605.9694,5955709.5266
1823725.9893,5955709.7998
1823726.0576,5955679.7948
1823786.0676,5955679.9315
1823786.2042,5955619.9215
1823816.2092,5955619.9898
1823816.2775,5955589.9848
1823846.2825,5955590.0531
1823846.3508,5955560.0481
1823876.3558,5955560.1164
1823876.5607,5955470.1014
1823906.5657,5955470.1697
1823906.7023,5955410.1597
1823936.7073,5955410.2279
1823936.7756,5955380.2229
1823966.7806,5955380.2912
1823966.9171,5955320.2812
1823966.9854,5955290.2761
1823996.9905,5955290.3444
1823997.0587,5955260.3394
1824027.0638,5955260.4076
1824027.2003,5955200.3976
1824057.2053,5955200.4658
1824057.2736,5955170.4608
1824087.2787,5955170.529
1824087.4152,5955110.5189
1824057.4101,5955110.4507
1824057.5466,5955050.4406
1824027.5416,5955050.3723
1824027.6098,5955020.3673
1824087.6199,5955020.5037
1824087.6882,5954990.4987
1824117.6932,5954990.5669
1824117.7615,5954960.5619
1824147.7665,5954960.6301
1824147.903,5954900.6199
1824207.9132,5954900.7564
1824207.8449,5954930.7615
1824327.8653,5954931.0345
1824327.9336,5954901.0294
1824357.9387,5954901.0976
1824358.0069,5954871.0925
1824388.012,5954871.1607
1824388.4214,5954691.13
1824358.4163,5954691.0618
1824358.4845,5954661.0567
1824328.4794,5954660.9885
1824328.684,5954570.9731
1824358.6891,5954571.0413
1824358.8937,5954481.0259
1824388.8988,5954481.0941
1824389.1033,5954391.0787
1824419.1085,5954391.1469
1824419.3812,5954271.1263
1824449.3863,5954271.1945
1824449.5226,5954211.1841
1824479.5278,5954211.2523
1824479.5959,5954181.2471
1824509.6011,5954181.3153
1824509.6693,5954151.3101
1824539.6744,5954151.3783
1824539.7426,5954121.3731
1824569.7478,5954121.4412
1824569.884,5954061.4309
1824599.8892,5954061.499
1824600.0936,5953971.4834
1824630.0988,5953971.5516
1824630.167,5953941.5464
1824660.1722,5953941.6145
1824660.4447,5953821.5937
1824630.4394,5953821.5256
1824630.5757,5953761.5152
1824660.5809,5953761.5833
1824660.649,5953731.578
1824690.6542,5953731.6461
1824690.7904,5953671.6357
1824720.7956,5953671.7038
1824721.7486,5953251.6305
1824691.7433,5953251.5624
1824661.7381,5953251.4944
1824661.8061,5953221.4891
1824601.7956,5953221.3531
1824601.9317,5953161.3426
1824571.9264,5953161.2746
1824571.9944,5953131.2693
1824511.984,5953131.1333
1824512.12,5953071.1229
1824482.1148,5953071.0549
1824482.1827,5953041.0496
1824452.1775,5953040.9816
1824452.2455,5953010.9764
1824422.2403,5953010.9084
1824422.3083,5952980.9032
1824392.303,5952980.8352
1824392.371,5952950.83
1824362.3658,5952950.762
1824362.4338,5952920.7568
1824332.4286,5952920.6888
1824332.5645,5952860.6784
1824302.5593,5952860.6104
1824302.6272,5952830.6052
1824272.622,5952830.5372
1824272.69,5952800.532
1824242.6848,5952800.4641
1824242.7527,5952770.4589
1824212.7475,5952770.3909
1824212.8154,5952740.3857
1824182.8102,5952740.3178
1824182.8782,5952710.3126
1824122.8677,5952710.1767
1824122.9357,5952680.1715
1824092.9305,5952680.1036
1824093.0663,5952620.0932
1824093.1342,5952590.088
1824123.1394,5952590.1559
1824123.2073,5952560.1507
1824093.2021,5952560.0828
1824093.27,5952530.0775
1824063.2648,5952530.0096
1824063.4006,5952469.9992
1824033.3954,5952469.9313
1824033.4633,5952439.9261
1824003.4581,5952439.8582
1824003.526,5952409.853
1823973.5208,5952409.7852
1823973.5887,5952379.78
1823943.5835,5952379.7121
1823943.6514,5952349.7069
1823913.6462,5952349.639
1823913.8497,5952259.6234
1823883.8445,5952259.5556
1823883.9802,5952199.5452
1823853.9751,5952199.4773
1823854.1107,5952139.467
1823854.8567,5951809.4097
1823824.8515,5951809.3419
1823825.1904,5951659.3158
1823825.2581,5951629.3106
1823795.2529,5951629.2428
1823795.3207,5951599.2376
1823765.3155,5951599.1698
1823765.3832,5951569.1646
1823735.378,5951569.0969
1823735.4457,5951539.0917
1823705.4405,5951539.0239
1823705.6438,5951449.0083
1823675.6385,5951448.9405
1823675.5708,5951478.9457
1823645.5656,5951478.878
1823645.4979,5951508.8832
1823255.4305,5951508.0028
1823255.4982,5951477.9976
1823135.4777,5951477.7268
1823135.5454,5951447.7216
1823075.5351,5951447.5862
1823075.6028,5951417.5811
1823015.5925,5951417.4457
1823016.2016,5951147.3995
1822986.1964,5951147.3319
1822986.2641,5951117.3268
1822956.259,5951117.2591
1822956.3942,5951057.2488
1822926.3891,5951057.1812
1822926.4567,5951027.1761
1822896.4516,5951027.1084
1822896.5192,5950997.1033
1822896.5868,5950967.0982
1822866.5817,5950967.0306
1822866.6493,5950937.0254
1822776.634,5950936.8226
1822776.7016,5950906.8175
1822746.6964,5950906.7499
1822746.6288,5950936.755
1822716.6237,5950936.6874
1822716.5561,5950966.6925
1822596.5357,5950966.4221
1822596.6033,5950936.417
1822506.5881,5950936.2142
1822506.6556,5950906.2091
1822386.6353,5950905.9387
1822386.5678,5950935.9438
1822326.5576,5950935.8086
1822326.6252,5950905.8036
1822296.6202,5950905.736
1822296.6877,5950875.7309
1822266.6827,5950875.6634
1822266.8178,5950815.6533
1822236.8128,5950815.5857
1822236.9479,5950755.5756
1822206.9428,5950755.508
1822207.0779,5950695.4979
1822177.0729,5950695.4304
1822177.1404,5950665.4253
1822147.1354,5950665.3578
1822147.2029,5950635.3528
1821967.1727,5950634.9476
1821907.1626,5950634.8125
1821907.0951,5950664.8176
1821877.0901,5950664.75
1821877.0226,5950694.755
1821696.9926,5950694.3499
1821696.9251,5950724.3549
1821636.9151,5950724.2199
1821636.8476,5950754.2248
1821606.8426,5950754.1573
1821606.7751,5950784.1623
1821546.7652,5950784.0272
