-79200	0.09
-77400	-0.07
-75600	-0.23
-73800	-0.38
-72000	-0.52
-70200	-0.62
-68400	-0.68
-66600	-0.7
-64800	-0.67
-63000	-0.62
-61200	-0.53
-59400	-0.42
-57600	-0.27
-55800	-0.12
-54000	0.04
-52200	0.18
-50400	0.31
-48600	0.41
-46800	0.49
-45000	0.54
-43200	0.54
-41400	0.5
-39600	0.42
-37800	0.32
-36000	0.2
-34200	0.05
-32400	-0.1
-30600	-0.25
-28800	-0.39
-27000	-0.49
-25200	-0.56
-23400	-0.6
-21600	-0.6
-19800	-0.57
-18000	-0.49
-16200	-0.38
-14400	-0.24
-12600	-0.1
-10800	0.06
-9000	0.22
-7200	0.36
-5400	0.49
-3600	0.6
-1800	0.66
0	0.68
1800	0.67
3600	0.61
5400	0.52
7200	0.39
9000	0.24
10800	0.07
12600	-0.1
14400	-0.26
16200	-0.4
18000	-0.51
19800	-0.6
21600	-0.64
23400	-0.64
25200	-0.6
27000	-0.53
28800	-0.42
30600	-0.28
32400	-0.13
34200	0.03
36000	0.19
37800	0.35
39600	0.48
41400	0.58
43200	0.65
45000	0.68
46800	0.67
48600	0.61
50400	0.52
52200	0.4
54000	0.26
55800	0.1
57600	-0.05
59400	-0.19
61200	-0.32
63000	-0.42
64800	-0.49
66600	-0.52
68400	-0.51
70200	-0.46
72000	-0.38
73800	-0.27
75600	-0.13
77400	0.03
79200	0.2
81000	0.36
82800	0.51
84600	0.64
86400	0.73
88200	0.79
90000	0.8
91800	0.76
93600	0.69
95400	0.58
97200	0.44
99000	0.29
100800	0.13
102600	-0.03
104400	-0.18
106200	-0.3
108000	-0.4
109800	-0.47
111600	-0.5
113400	-0.49
115200	-0.44
117000	-0.35
118800	-0.22
120600	-0.05
122400	0.13
124200	0.32
126000	0.51
127800	0.68
129600	0.84
131400	0.95
133200	1.02
135000	1.02
136800	0.98
138600	0.92
140400	0.82
142200	0.69
144000	0.53
145800	0.35
147600	0.19
149400	0.06
151200	-0.07
153000	-0.19
154800	-0.28
156600	-0.31
158400	-0.29
160200	-0.23
162000	-0.15
163800	-0.04
165600	0.09
167400	0.26
169200	0.43
171000	0.58
172800	0.71
174600	0.81
176400	0.89
178200	0.94
180000	0.95
181800	0.9
183600	0.79
185400	0.66
187200	0.52
189000	0.37
190800	0.2
192600	0.01
194400	-0.16
196200	-0.3
198000	-0.38
199800	-0.43
201600	-0.45
203400	-0.44
205200	-0.39
207000	-0.28
208800	-0.13
210600	0.05
212400	0.22
214200	0.37
216000	0.53
217800	0.69
219600	0.84
221400	0.94
223200	0.98
225000	0.97
226800	0.92
228600	0.85
230400	0.74
232200	0.59
234000	0.41
235800	0.22
237600	0.04
239400	-0.11
241200	-0.23
243000	-0.34
244800	-0.41
246600	-0.45
248400	-0.42
250200	-0.36
252000	-0.26
253800	-0.14
255600	0
257400	0.16
259200	0.32
261000	0.48
262800	0.62
264600	0.73
266400	0.8
268200	0.83
270000	0.83
271800	0.78
273600	0.68
275400	0.54
277200	0.38
279000	0.21
280800	0.03
282600	-0.14
284400	-0.3
286200	-0.43
288000	-0.52
289800	-0.57
291600	-0.57
293400	-0.54
295200	-0.46
297000	-0.35
298800	-0.2
300600	-0.02
302400	0.16
304200	0.34
306000	0.51
307800	0.67
309600	0.8
311400	0.89
313200	0.94
315000	0.94
316800	0.88
318600	0.78
320400	0.66
322200	0.5
324000	0.32
325800	0.13
327600	-0.06
329400	-0.22
331200	-0.36
333000	-0.46
334800	-0.53
336600	-0.55
338400	-0.53
340200	-0.47
342000	-0.36
343800	-0.22
345600	-0.07
347400	0.09
349200	0.25
351000	0.41
352800	0.55
354600	0.67
356400	0.74
358200	0.77
360000	0.75
361800	0.69
363600	0.58
365400	0.45
367200	0.29
369000	0.11
370800	-0.07
372600	-0.24
374400	-0.4
376200	-0.52
378000	-0.61
379800	-0.65
381600	-0.65
383400	-0.61
385200	-0.52
387000	-0.39
388800	-0.22
390600	-0.03
392400	0.17
394200	0.37
396000	0.55
397800	0.71
399600	0.84
401400	0.92
403200	0.96
405000	0.95
406800	0.89
408600	0.78
410400	0.64
412200	0.48
414000	0.3
415800	0.1
417600	-0.09
419400	-0.27
421200	-0.42
423000	-0.53
424800	-0.6
426600	-0.62
428400	-0.6
430200	-0.53
432000	-0.42
433800	-0.28
435600	-0.11
437400	0.06
439200	0.23
441000	0.39
442800	0.53
444600	0.64
446400	0.71
448200	0.73
450000	0.7
451800	0.63
453600	0.52
455400	0.38
457200	0.2
459000	0.02
460800	-0.17
462600	-0.35
464400	-0.49
466200	-0.62
468000	-0.72
469800	-0.77
471600	-0.76
473400	-0.7
475200	-0.6
477000	-0.46
478800	-0.3
480600	-0.1
482400	0.1
484200	0.31
486000	0.51
487800	0.67
489600	0.78
491400	0.86
493200	0.89
495000	0.88
496800	0.82
498600	0.7
500400	0.54
502200	0.36
504000	0.16
505800	-0.04
507600	-0.24
509400	-0.42
511200	-0.57
513000	-0.68
514800	-0.74
516600	-0.76
518400	-0.73
520200	-0.66
522000	-0.55
523800	-0.41
525600	-0.24
527400	-0.05
529200	0.12
531000	0.29
532800	0.43
534600	0.54
536400	0.6
538200	0.62
540000	0.59
541800	0.52
543600	0.4
545400	0.25
547200	0.07
549000	-0.12
550800	-0.31
552600	-0.49
554400	-0.65
556200	-0.78
558000	-0.86
559800	-0.9
561600	-0.88
563400	-0.81
565200	-0.7
567000	-0.54
568800	-0.36
570600	-0.15
572400	0.06
574200	0.27
576000	0.47
577800	0.63
579600	0.76
581400	0.84
583200	0.87
585000	0.84
586800	0.76
588600	0.64
590400	0.47
592200	0.28
594000	0.07
595800	-0.14
597600	-0.34
599400	-0.53
601200	-0.68
603000	-0.79
604800	-0.85
606600	-0.85
608400	-0.82
610200	-0.73
612000	-0.6
613800	-0.44
615600	-0.26
617400	-0.07
619200	0.12
621000	0.29
622800	0.43
624600	0.54
626400	0.6
628200	0.62
630000	0.58
631800	0.5
633600	0.37
635400	0.21
637200	0.03
639000	-0.17
640800	-0.37
642600	-0.56
644400	-0.71
646200	-0.84
648000	-0.91
649800	-0.94
651600	-0.92
653400	-0.85
655200	-0.72
657000	-0.56
658800	-0.37
660600	-0.15
662400	0.07
664200	0.28
666000	0.47
667800	0.64
669600	0.76
671400	0.83
673200	0.85
675000	0.82
676800	0.73
