0.000000 .051957780
3600.000000 .049374920
7200.000000 .048015660
10800.000000 .047802860
14400.000000 .047608680
18000.000000 .047427800
21600.000000 .047270860
25200.000000 .047135200
28800.000000 .047026140
32400.000000 .046925060
36000.000000 .046826640
39600.000000 .046914420
43200.000000 .047991720
46800.000000 .047975760
50400.000000 .058091740
54000.000000 .054149620
57600.000000 .109360580
61200.000000 .074586400
64800.000000 .057251180
68400.000000 .059863300
72000.000000 .115638180
75600.000000 .174280540
79200.000000 .237327860
82800.000000 .245717500
86400.000000 .197356040
90000.000000 .205016840
93600.000000 .270162900
97200.000000 .309685180
100800.000000 .254833320
104400.000000 .289681980
108000.000000 .365143520
111600.000000 .394283820
115200.000000 .477113560
118800.000000 .556134180
122400.000000 .527057720
126000.000000 .760204060
129600.000000 2.288419280
133200.000000 4.570130040
136800.000000 6.259793960
140400.000000 7.503067320
144000.000000 5.603925740
147600.000000 6.051670240
151200.000000 11.603188660
154800.000000 10.669738800
158400.000000 4.010809180
162000.000000 1.434128360
165600.000000 1.220115400
169200.000000 1.312872260
172800.000000 1.466378200
176400.000000 1.538884480
180000.000000 1.622517540
183600.000000 1.678321680
187200.000000 1.700753460
190800.000000 1.681370040
194400.000000 1.677042220
198000.000000 1.637852440
201600.000000 1.600000640
205200.000000 1.574866300
208800.000000 1.564452400
212400.000000 1.554144900
216000.000000 1.522544100
219600.000000 1.469966540
223200.000000 1.393648480
226800.000000 1.509502120
230400.000000 1.557834320
234000.000000 1.349191900
237600.000000 1.266657420
241200.000000 1.255333800
244800.000000 1.219197700
248400.000000 1.188692820
252000.000000 1.161496980
255600.000000 1.132620020
259200.000000 1.102208240
262800.000000 1.070753740
266400.000000 1.039017280
270000.000000 1.007741000
273600.000000 .977507440
277200.000000 .948779440
280800.000000 .921825660
284400.000000 .896630140
288000.000000 .872953480
291600.000000 .850324860
295200.000000 .828547440
298800.000000 .807594620
302400.000000 .787437140
306000.000000 .768053720
309600.000000 .749417760
313200.000000 .731500000
316800.000000 .714271180
320400.000000 .697702040
324000.000000 .681768640
327600.000000 .666436400
331200.000000 .651500500
334800.000000 .636819960
338400.000000 .622389460
342000.000000 .608246240
