0.000000 .012081720
3600.000000 .011906160
7200.000000 .011515140
10800.000000 .011456620
14400.000000 .011406080
18000.000000 .011360860
21600.000000 .011318300
25200.000000 .011283720
28800.000000 .011251800
32400.000000 .011225200
36000.000000 .011198600
39600.000000 .011203920
43200.000000 .011384800
46800.000000 .011445980
50400.000000 .013440980
54000.000000 .013004740
57600.000000 .021753480
61200.000000 .020290480
64800.000000 .014571480
68400.000000 .014417200
72000.000000 .023205840
75600.000000 .042123760
79200.000000 .064749720
82800.000000 .074112920
86400.000000 .057839040
90000.000000 .052034920
93600.000000 .069205220
97200.000000 .083981520
100800.000000 .074248580
104400.000000 .076278160
108000.000000 .096161660
111600.000000 .105397180
115200.000000 .119614880
118800.000000 .137107040
122400.000000 .135827580
126000.000000 .224296520
129600.000000 .637660520
133200.000000 1.196412140
136800.000000 1.586267060
140400.000000 1.863191680
144000.000000 1.635429180
147600.000000 1.655836700
151200.000000 2.697447480
154800.000000 2.967738060
158400.000000 1.606616060
162000.000000 .592222400
165600.000000 .421559460
169200.000000 .431345600
172800.000000 .462980980
176400.000000 .484827560
180000.000000 .503474160
183600.000000 .516673080
187200.000000 .518032340
190800.000000 .505884120
194400.000000 .490785960
198000.000000 .471899960
201600.000000 .452982040
205200.000000 .430731140
208800.000000 .402641540
212400.000000 .383058620
216000.000000 .374865820
219600.000000 .365595720
223200.000000 .350239540
226800.000000 .367947160
230400.000000 .380196460
234000.000000 .344970080
237600.000000 .319540480
241200.000000 .314571600
244800.000000 .307203400
248400.000000 .299316500
252000.000000 .292379220
255600.000000 .285165300
259200.000000 .277650800
262800.000000 .269878280
266400.000000 .261962120
270000.000000 .254085860
273600.000000 .246430380
277200.000000 .239144640
280800.000000 .232236620
284400.000000 .225371160
288000.000000 .218981840
291600.000000 .213209640
295200.000000 .207623640
298800.000000 .202218520
302400.000000 .197026200
306000.000000 .192020080
309600.000000 .187197500
313200.000000 .182558460
316800.000000 .178097640
320400.000000 .173815040
324000.000000 .169702680
327600.000000 .165755240
331200.000000 .161932820
334800.000000 .158195520
338400.000000 .154538020
342000.000000 .150957660
