0.000000 .052024280
3600.000000 .049710080
7200.000000 .047451740
10800.000000 .047209680
14400.000000 .047004860
18000.000000 .046816000
21600.000000 .046648420
25200.000000 .046502120
28800.000000 .046385080
32400.000000 .046278680
36000.000000 .046174940
39600.000000 .046238780
43200.000000 .047220320
46800.000000 .047355980
50400.000000 .058261980
54000.000000 .055431740
57600.000000 .104511400
61200.000000 .083579860
64800.000000 .060999120
68400.000000 .060698540
72000.000000 .108472140
75600.000000 .173099500
79200.000000 .247127300
82800.000000 .272947920
86400.000000 .215787180
90000.000000 .210868840
93600.000000 .281207220
97200.000000 .338918580
100800.000000 .290344320
104400.000000 .318018960
108000.000000 .430842860
111600.000000 .498452080
115200.000000 .639139480
118800.000000 .811930420
122400.000000 .830412100
126000.000000 2.000216260
129600.000000 4.550664160
133200.000000 7.405440000
136800.000000 9.535799420
140400.000000 11.133166660
144000.000000 9.633416100
147600.000000 10.420156320
151200.000000 16.464290780
154800.000000 16.878782620
158400.000000 8.865990140
162000.000000 3.345875680
165600.000000 2.151610160
169200.000000 2.181452700
172800.000000 2.364221300
176400.000000 2.451027740
180000.000000 2.510500020
183600.000000 2.522549820
187200.000000 2.490310620
190800.000000 2.408821520
194400.000000 2.330561660
198000.000000 2.230811660
201600.000000 2.127574400
205200.000000 2.039304960
208800.000000 1.971004140
212400.000000 1.903360340
216000.000000 1.834272160
219600.000000 1.764808920
223200.000000 1.668341360
226800.000000 1.781872820
230400.000000 1.807640240
234000.000000 1.584298660
237600.000000 1.466678780
241200.000000 1.439459000
244800.000000 1.397444300
248400.000000 1.356057360
252000.000000 1.317729420
255600.000000 1.277951780
259200.000000 1.236910640
262800.000000 1.195063520
266400.000000 1.153235020
270000.000000 1.112377420
273600.000000 1.073254140
277200.000000 1.036482300
280800.000000 1.002346520
284400.000000 .970538240
288000.000000 .941081400
291600.000000 .913499860
295200.000000 .887157880
298800.000000 .861978320
302400.000000 .837934580
306000.000000 .814962820
309600.000000 .793009840
313200.000000 .772030420
316800.000000 .751976680
320400.000000 .732800740
324000.000000 .714460040
327600.000000 .696909360
331200.000000 .679893340
334800.000000 .663217800
338400.000000 .646848160
342000.000000 .630824320
