0.000000 23.38283959200
3600.000000 23.80065244200
7200.000000 24.54916407300
10800.000000 26.02358199000
14400.000000 28.13565018600
18000.000000 30.36213123300
21600.000000 32.18005702800
25200.000000 28.47175701300
28800.000000 25.35638855400
32400.000000 23.53384473300
36000.000000 22.75296382800
39600.000000 22.60146312900
43200.000000 22.56679561500
46800.000000 22.61056272300
50400.000000 22.80096472500
54000.000000 23.50893037500
57600.000000 24.93878039100
61200.000000 28.41706608300
64800.000000 32.97190484700
68400.000000 37.75672561500
72000.000000 40.70977369200
75600.000000 42.62789916000
79200.000000 42.05113428600
82800.000000 48.85730740800
86400.000000 69.31872845100
90000.000000 111.67103990700
93600.000000 145.49441753700
97200.000000 159.48157081500
100800.000000 180.66524250600
104400.000000 212.15272491000
108000.000000 232.78075758000
111600.000000 276.91532542800
115200.000000 400.86740219400
118800.000000 590.62788281700
122400.000000 743.45223159900
126000.000000 793.83614851800
129600.000000 1069.32359179800
133200.000000 1738.36312139700
136800.000000 2430.33439994100
140400.000000 3232.97988552000
144000.000000 3851.39703425400
147600.000000 4032.69300000000
151200.000000 5239.18702824300
154800.000000 6717.24210036600
158400.000000 6079.28946634800
162000.000000 4362.64505768700
165600.000000 2718.12727374300
169200.000000 1726.87944095100
172800.000000 1295.31275571600
176400.000000 1155.17115459900
180000.000000 1111.73592322800
183600.000000 1126.18573017300
187200.000000 1124.40700014300
190800.000000 1090.33205859900
194400.000000 1040.90813807400
198000.000000 1005.99364227600
201600.000000 973.48921740000
205200.000000 932.20323903000
208800.000000 889.98361861500
212400.000000 865.16130153600
216000.000000 862.71873565500
219600.000000 874.12663881900
223200.000000 833.45819035500
226800.000000 789.59468555100
230400.000000 786.71776667400
234000.000000 770.57360742600
237600.000000 723.07910606400
241200.000000 671.83705505700
244800.000000 644.79463454700
248400.000000 628.56982143900
252000.000000 612.10528035300
255600.000000 595.80320688000
259200.000000 579.52162365300
262800.000000 562.91275668600
266400.000000 546.05035434600
270000.000000 529.04521334700
273600.000000 512.10385569000
277200.000000 495.49800157200
280800.000000 479.60118322200
284400.000000 464.64814431000
288000.000000 450.60718348800
291600.000000 437.47274188800
295200.000000 425.21308943400
298800.000000 413.63992845000
302400.000000 402.58016196300
306000.000000 391.96519110000
309600.000000 381.78081704700
313200.000000 372.00984250500
316800.000000 362.63571296400
320400.000000 353.64267829800
324000.000000 345.01517870400
327600.000000 336.73764719700
331200.000000 328.79304807300
334800.000000 321.15008935800
338400.000000 313.74285824700
342000.000000 306.50203766700
