0.000000 17.320621920
3600.000000 17.630112920
7200.000000 18.184565980
10800.000000 19.276727400
14400.000000 20.841222360
18000.000000 22.490467580
21600.000000 23.837079280
25200.000000 21.090190380
28800.000000 18.782510040
32400.000000 17.432477580
36000.000000 16.854047280
39600.000000 16.741824540
43200.000000 16.716144900
46800.000000 16.748564980
50400.000000 16.889603500
54000.000000 17.414022500
57600.000000 18.473170660
61200.000000 21.049678580
64800.000000 24.423633220
68400.000000 27.967944900
72000.000000 30.155387920
75600.000000 31.576221600
79200.000000 31.148988360
82800.000000 36.190598080
86400.000000 51.347206260
90000.000000 82.719288820
93600.000000 107.773642620
97200.000000 118.134496900
100800.000000 133.826105560
104400.000000 157.150166600
108000.000000 172.430190800
111600.000000 205.122463280
115200.000000 296.938816440
118800.000000 437.502135420
122400.000000 550.705356740
126000.000000 588.026776680
129600.000000 792.091549480
133200.000000 1287.676386220
136800.000000 1800.247703660
140400.000000 2394.799915200
144000.000000 2852.886692040
147600.000000 2987.180000000
151200.000000 3880.879280180
154800.000000 4975.734889160
158400.000000 4503.177382480
162000.000000 3231.588931620
165600.000000 2013.427610180
169200.000000 1279.169956260
172800.000000 959.490930160
176400.000000 855.682336740
180000.000000 823.508091280
183600.000000 834.211651980
187200.000000 832.894074180
190800.000000 807.653376740
194400.000000 771.043065240
198000.000000 745.180475760
201600.000000 721.103124000
205200.000000 690.520917800
208800.000000 659.247124900
212400.000000 640.860223360
216000.000000 639.050915300
219600.000000 647.501213940
223200.000000 617.376437300
226800.000000 584.884952260
230400.000000 582.753901240
234000.000000 570.795264760
237600.000000 535.614152640
241200.000000 497.657077820
244800.000000 477.625655220
248400.000000 465.607275140
252000.000000 453.411318780
255600.000000 441.335708800
259200.000000 429.275276780
262800.000000 416.972412360
266400.000000 404.481743960
270000.000000 391.885343220
273600.000000 379.336189400
277200.000000 367.035556720
280800.000000 355.260135720
284400.000000 344.183810600
288000.000000 333.783098880
291600.000000 324.053882880
295200.000000 314.972658840
298800.000000 306.399947000
302400.000000 298.207527380
306000.000000 290.344586000
309600.000000 282.800605220
313200.000000 275.562846300
316800.000000 268.619046640
320400.000000 261.957539480
324000.000000 255.566799040
327600.000000 249.435294220
331200.000000 243.550405980
334800.000000 237.888955080
338400.000000 232.402117220
342000.000000 227.038546420
