21600 0
23400 0
25200 0
27000 0
28800 0
30600 0
32400 0
34200 0
36000 0
37800 0
39600 0
41400 0
43200 0
45000 0
46800 0
48600 0
50400 0
52200 0
54000 0
55800 0
57600 .001636384120
59400 .009590241640
61200 .015261611680
63000 .016038568420
64800 .016496905040
66600 .016750778100
68400 .01677175220
70200 .017716794340
72000 .022816466540
73800 .034207940480
75600 .096737454240
77400 .254443223020
79200 .475272967680
81000 .862291582880
82800 1.394021103440
84600 5.574450753480
86400 12.664470265020
88200 16.525621131180
90000 27.65380930060
91800 37.85852440020
93600 48.87717728880
95400 63.64550385900
97200 78.18177452960
99000 101.08723849840
100800 143.96000494260
111600.000000 205.122463280
115200.000000 296.938816440
118800.000000 437.502135420
122400.000000 550.705356740
126000.000000 588.026776680
129600.000000 792.091549480
133200.000000 1287.676386220
136800.000000 1800.247703660
140400.000000 2394.799915200
144000.000000 2852.886692040
147600.000000 2987.180000000
151200.000000 3880.879280180
154800.000000 4975.734889160
158400.000000 4503.177382480
162000.000000 3231.588931620
165600.000000 2013.427610180
169200.000000 1279.169956260
172800.000000 959.490930160
176400.000000 855.682336740
180000.000000 823.508091280
183600.000000 834.211651980
187200.000000 832.894074180
190800.000000 807.653376740
194400.000000 771.043065240
198000.000000 745.180475760
201600.000000 721.103124000
205200.000000 690.520917800
208800.000000 659.247124900
212400.000000 640.860223360
216000.000000 639.050915300
219600.000000 647.501213940
223200.000000 617.376437300
226800.000000 584.884952260
230400.000000 582.753901240
234000.000000 570.795264760
237600.000000 535.614152640
241200.000000 497.657077820
244800.000000 477.625655220
248400.000000 465.607275140
252000.000000 453.411318780
255600.000000 441.335708800
259200.000000 429.275276780
262800.000000 416.972412360
266400.000000 404.481743960
270000.000000 391.885343220
273600.000000 379.336189400
277200.000000 367.035556720
280800.000000 355.260135720
284400.000000 344.183810600
288000.000000 333.783098880
291600.000000 324.053882880
295200.000000 314.972658840
298800.000000 306.399947000
302400.000000 298.207527380
306000.000000 290.344586000
309600.000000 282.800605220
313200.000000 275.562846300
316800.000000 268.619046640
320400.000000 261.957539480
324000.000000 255.566799040
327600.000000 249.435294220
331200.000000 243.550405980
334800.000000 237.888955080
338400.000000 232.402117220
342000.000000 227.038546420
