0.000000 .029393000
3600.000000 .027826260
7200.000000 .026578720
10800.000000 .026456360
14400.000000 .026341980
18000.000000 .026235580
21600.000000 .026139820
25200.000000 .026060020
28800.000000 .025993520
32400.000000 .025935000
36000.000000 .025876480
39600.000000 .025924360
43200.000000 .026530840
46800.000000 .026584040
50400.000000 .033255320
54000.000000 .031122000
57600.000000 .061161380
61200.000000 .046544680
64800.000000 .034202280
68400.000000 .034175680
72000.000000 .063031360
75600.000000 .099183420
79200.000000 .138538120
82800.000000 .150348520
86400.000000 .117340580
90000.000000 .116638340
93600.000000 .157503920
97200.000000 .188394500
100800.000000 .157738000
104400.000000 .176225000
108000.000000 .238104580
111600.000000 .271112520
115200.000000 .350912520
118800.000000 .435351560
122400.000000 .431853660
126000.000000 1.121083600
129600.000000 2.572023160
133200.000000 4.091880660
136800.000000 5.125210860
140400.000000 5.941389300
144000.000000 4.933158860
147600.000000 5.303569180
151200.000000 8.689972620
154800.000000 8.673344960
158400.000000 4.136190940
162000.000000 1.389504200
165600.000000 .888490540
169200.000000 .913507840
172800.000000 1.010012640
176400.000000 1.064167580
180000.000000 1.113694120
183600.000000 1.141169260
187200.000000 1.148125160
190800.000000 1.128044820
194400.000000 1.110909100
198000.000000 1.079098160
201600.000000 1.042993980
205200.000000 1.016399300
208800.000000 1.003016840
212400.000000 .983617460
216000.000000 .955211320
219600.000000 .923512100
223200.000000 .875738500
226800.000000 .953508920
230400.000000 .969961020
234000.000000 .839809880
237600.000000 .779207100
241200.000000 .767705260
244800.000000 .746994500
248400.000000 .727055140
252000.000000 .708488340
255600.000000 .688916060
259200.000000 .668484600
262800.000000 .647475920
266400.000000 .626355520
270000.000000 .605615500
273600.000000 .585646880
277200.000000 .566771520
280800.000000 .549164980
284400.000000 .532819280
288000.000000 .517569500
291600.000000 .503101760
295200.000000 .489253800
298800.000000 .475991040
302400.000000 .463289540
306000.000000 .451128020
309600.000000 .439482540
313200.000000 .428326500
316800.000000 .417638620
320400.000000 .407394960
324000.000000 .397576900
327600.000000 .388157840
331200.000000 .379007440
334800.000000 .370027280
338400.000000 .361206720
342000.000000 .352567040
