0.000000 .054886440
3600.000000 .050617140
7200.000000 .039636660
10800.000000 .037282560
14400.000000 .037099020
18000.000000 .036955380
21600.000000 .036827700
25200.000000 .036721300
28800.000000 .036638840
32400.000000 .036564360
36000.000000 .036492540
39600.000000 .036989960
43200.000000 .041711460
46800.000000 .041115620
50400.000000 .062648320
54000.000000 .052077480
57600.000000 .110222420
61200.000000 .090679400
64800.000000 .061810420
68400.000000 .055961080
72000.000000 .103346320
75600.000000 .186277140
79200.000000 .286660220
82800.000000 .342126540
86400.000000 .251965840
90000.000000 .237146980
93600.000000 .323338960
97200.000000 .392592060
100800.000000 .336511280
104400.000000 .361916940
108000.000000 .497289660
111600.000000 .571862760
115200.000000 .711978260
118800.000000 .881513360
122400.000000 .907318020
126000.000000 1.725214820
129600.000000 3.413825380
133200.000000 5.580174600
136800.000000 7.188836200
140400.000000 8.441124300
144000.000000 7.776454140
147600.000000 8.817112640
151200.000000 12.842368280
154800.000000 13.765614380
158400.000000 7.980960260
162000.000000 3.073778960
165600.000000 1.698255720
169200.000000 1.582136080
172800.000000 1.687272580
176400.000000 1.754591860
180000.000000 1.817322640
183600.000000 1.832880980
187200.000000 1.823089520
190800.000000 1.771985600
194400.000000 1.718224340
198000.000000 1.648721200
201600.000000 1.575988820
205200.000000 1.512287140
208800.000000 1.483678840
212400.000000 1.439270140
216000.000000 1.388291240
219600.000000 1.349769120
223200.000000 1.269751000
226800.000000 1.355772740
230400.000000 1.350208020
234000.000000 1.182404580
237600.000000 1.097851160
241200.000000 1.076658940
244800.000000 1.043342440
248400.000000 1.010704240
252000.000000 .981364440
255600.000000 .950936700
259200.000000 .919503480
262800.000000 .887620720
266400.000000 .856081100
270000.000000 .825594840
273600.000000 .796600840
277200.000000 .769436920
280800.000000 .744268000
284400.000000 .720929160
288000.000000 .699303360
291600.000000 .678933080
295200.000000 .659483160
298800.000000 .640900400
302400.000000 .623155540
306000.000000 .606200700
309600.000000 .589998640
313200.000000 .574512120
316800.000000 .559706560
320400.000000 .545544720
324000.000000 .531994680
327600.000000 .519021860
331200.000000 .506450700
334800.000000 .494132240
338400.000000 .482042540
342000.000000 .470213520
